world: cdce7dd0-e147-4789-b3ee-0cad280eef6d
world-name: world
x: 1039.4169027368473
y: 70.0
z: 667.6138823920857
yaw: -135.695556640625
pitch: -1.3500609397888184
name: CoolTowne
lastowner: 9fc49692-9f55-498c-9adc-ebbce7258977
