world: fef5ad00-9574-424e-a9de-a961c58211ff
world-name: events
x: -159.1030698749393
y: 108.0
z: 33.27080592220459
yaw: -135.53076171875
pitch: 3.563657283782959
name: events
lastowner: 9fc49692-9f55-498c-9adc-ebbce7258977
