world: cdce7dd0-e147-4789-b3ee-0cad280eef6d
world-name: world
x: -1893.4190163158087
y: 72.0
z: -840.613382538895
yaw: -88.590087890625
pitch: 4.32307767868042
name: HackersFjord
lastowner: 9fc49692-9f55-498c-9adc-ebbce7258977
