spawns:
  default:
    world: 11db8906-7523-49f4-aa31-87c1ae666c6b
    world-name: world
    x: 332.9680767720066
    y: 69.0
    z: -347.0146408644109
    yaw: 178.6729736328125
    pitch: -0.4498376250267029
