world: 11db8906-7523-49f4-aa31-87c1ae666c6b
world-name: world
x: 716.487997222903
y: 75.0
z: -2527.6449474692977
yaw: 179.70709228515625
pitch: 1.1992313861846924
name: Aardappol
lastowner: b19e6891-fe84-40aa-8492-f1f821e523e9
