world: 11db8906-7523-49f4-aa31-87c1ae666c6b
world-name: world
x: 631.724606867952
y: -35.0
z: 295.1075478781386
yaw: 90.4039077758789
pitch: 8.665843963623047
name: Coconut_Mall
lastowner: b19e6891-fe84-40aa-8492-f1f821e523e9
