world: 11db8906-7523-49f4-aa31-87c1ae666c6b
world-name: world
x: 304.0010365017304
y: 71.0
z: -3331.506835462957
yaw: 179.85955810546875
pitch: 11.8500337600708
name: CoolerTowne
lastowner: b19e6891-fe84-40aa-8492-f1f821e523e9
