world: 11db8906-7523-49f4-aa31-87c1ae666c6b
world-name: world
x: 6298.543964000278
y: 71.0
z: -2992.460656224821
yaw: 0.68304443359375
pitch: 1.3248566389083862
name: FunkyTown
lastowner: b19e6891-fe84-40aa-8492-f1f821e523e9
