world: 11db8906-7523-49f4-aa31-87c1ae666c6b
world-name: world
x: 2286.6103064804934
y: 63.0
z: -2116.689261769918
yaw: -179.17471313476562
pitch: 4.200020790100098
name: Gun_Gang
lastowner: b19e6891-fe84-40aa-8492-f1f821e523e9
