world: 11db8906-7523-49f4-aa31-87c1ae666c6b
world-name: world
x: 1430.540800568841
y: 63.0
z: 2453.606867146928
yaw: -91.51156616210938
pitch: -0.8006153106689453
name: Jizzington
lastowner: a1836d67-cdea-4351-8a47-da689489acdb
