world: 11db8906-7523-49f4-aa31-87c1ae666c6b
world-name: world
x: 3846.521255187806
y: 105.0
z: -6304.211736966595
yaw: 178.75523376464844
pitch: -11.107357025146484
name: Purlurple
lastowner: cefa847f-1b4f-4e15-b9b6-59a7e4e6f5f4
