world: 11db8906-7523-49f4-aa31-87c1ae666c6b
world-name: world
x: -346.4902033733759
y: 91.0
z: -94.48682384232484
yaw: -18.605438232421875
pitch: -2.323140859603882
name: Salus
lastowner: cefa847f-1b4f-4e15-b9b6-59a7e4e6f5f4
