world: 11db8906-7523-49f4-aa31-87c1ae666c6b
world-name: world
x: 408.5520157018653
y: 77.0
z: -535.7096203110841
yaw: -136.35498046875
pitch: -14.32046127319336
name: shopcity
lastowner: cefa847f-1b4f-4e15-b9b6-59a7e4e6f5f4
