world: 11db8906-7523-49f4-aa31-87c1ae666c6b
world-name: world
x: -867.3399954905836
y: 70.9375
z: 5819.543419536951
yaw: 2.7523193359375
pitch: -1.0500856637954712
name: Shrigmar
lastowner: b19e6891-fe84-40aa-8492-f1f821e523e9
