world: 11db8906-7523-49f4-aa31-87c1ae666c6b
world-name: world
x: -459.5083374961482
y: 61.0
z: -407.5912112303415
yaw: -178.86964416503906
pitch: -0.9225689172744751
name: Sludgeshire
lastowner: b19e6891-fe84-40aa-8492-f1f821e523e9
