world: 11db8906-7523-49f4-aa31-87c1ae666c6b
world-name: world
x: -12427.33056806182
y: 63.0
z: -15067.349551157571
yaw: 174.564208984375
pitch: 67.42744445800781
name: Almyst
lastowner: cefa847f-1b4f-4e15-b9b6-59a7e4e6f5f4
