world: 11db8906-7523-49f4-aa31-87c1ae666c6b
world-name: world
x: -564.5100781008159
y: 64.0
z: 3978.49453709719
yaw: 1.203155517578125
pitch: 2.447417736053467
name: BobTown
lastowner: 9fc49692-9f55-498c-9adc-ebbce7258977
