world: 11db8906-7523-49f4-aa31-87c1ae666c6b
world-name: world
x: -298.5387725993967
y: 83.0
z: -410.6659775904019
yaw: -4.891937255859375
pitch: 2.5297060012817383
name: CapitalCity
lastowner: a1836d67-cdea-4351-8a47-da689489acdb
