world: 11db8906-7523-49f4-aa31-87c1ae666c6b
world-name: world
x: 873.5
y: 70.0
z: -2726.5
yaw: -89.79830932617188
pitch: 2.399986982345581
name: Carrotthia
lastowner: b19e6891-fe84-40aa-8492-f1f821e523e9
