world: 11db8906-7523-49f4-aa31-87c1ae666c6b
world-name: world
x: 1750.503499841687
y: 60.0
z: -204.57604385846471
yaw: 176.84844970703125
pitch: 2.9559576511383057
name: CopperCaverns
lastowner: b19e6891-fe84-40aa-8492-f1f821e523e9
