world: 11db8906-7523-49f4-aa31-87c1ae666c6b
world-name: world
x: -664.4808281846949
y: 63.0
z: -491.53909012610075
yaw: -179.26393127441406
pitch: 0.9321911931037903
name: Dahg_Kuldor
lastowner: b19e6891-fe84-40aa-8492-f1f821e523e9
