world: 11db8906-7523-49f4-aa31-87c1ae666c6b
world-name: world
x: 68.4502762734268
y: 120.0
z: -2071.3256139855657
yaw: 0.010936647653579712
pitch: -4.349976539611816
name: Dragon_City
lastowner: b19e6891-fe84-40aa-8492-f1f821e523e9
