world: 11db8906-7523-49f4-aa31-87c1ae666c6b
world-name: world
x: -11.53804773836777
y: 85.9375
z: -1048.7269744880152
yaw: 179.926025390625
pitch: -3.599961280822754
name: FunkyMonkeyVille
lastowner: b19e6891-fe84-40aa-8492-f1f821e523e9
