world: 11db8906-7523-49f4-aa31-87c1ae666c6b
world-name: world
x: 1033.2689905647212
y: 76.0
z: -2594.0416122438055
yaw: -89.83029174804688
pitch: -1.6943186521530151
name: GarfieldPlex
lastowner: cefa847f-1b4f-4e15-b9b6-59a7e4e6f5f4
