world: 11db8906-7523-49f4-aa31-87c1ae666c6b
world-name: world
x: 2247.172046714804
y: 72.0
z: 8624.551045830662
yaw: 90.60317993164062
pitch: -4.199542999267578
name: Gundam
lastowner: b19e6891-fe84-40aa-8492-f1f821e523e9
