world: 11db8906-7523-49f4-aa31-87c1ae666c6b
world-name: world
x: 8423.17369656952
y: 141.0
z: -4882.640463461509
yaw: -90.1419677734375
pitch: 4.600847244262695
name: hinterlands
lastowner: 14ffd8d6-693b-4935-818c-99ec6c5b6136
