world: 11db8906-7523-49f4-aa31-87c1ae666c6b
world-name: world
x: 9016.23871079352
y: 71.0
z: -7392.356394173952
yaw: 87.40567016601562
pitch: 13.713700294494629
name: hole
lastowner: cefa847f-1b4f-4e15-b9b6-59a7e4e6f5f4
