world: 11db8906-7523-49f4-aa31-87c1ae666c6b
world-name: world
x: 2026.5184248415294
y: 63.0
z: -1572.5590954906659
yaw: -89.25888061523438
pitch: 5.106344223022461
name: Lemontown
lastowner: 9fc49692-9f55-498c-9adc-ebbce7258977
