world: 11db8906-7523-49f4-aa31-87c1ae666c6b
world-name: world
x: 515.5
y: 69.0
z: -456.5
yaw: -89.6387939453125
pitch: -2.550058603286743
name: Megaplex
lastowner: b19e6891-fe84-40aa-8492-f1f821e523e9
