world: 11db8906-7523-49f4-aa31-87c1ae666c6b
world-name: world
x: 408.5092214694952
y: 97.0
z: -159.9703970023364
yaw: -178.4700927734375
pitch: -1.4999699592590332
name: merkmart
lastowner: b19e6891-fe84-40aa-8492-f1f821e523e9
