world: 11db8906-7523-49f4-aa31-87c1ae666c6b
world-name: world
x: 234.13608824657013
y: 63.0
z: 3283.4719411450146
yaw: 89.92313385009766
pitch: 10.486422538757324
name: Mikulantis
lastowner: b19e6891-fe84-40aa-8492-f1f821e523e9
