world: 11db8906-7523-49f4-aa31-87c1ae666c6b
world-name: world
x: 873.3039829674708
y: 64.9375
z: 100.48668698565244
yaw: -89.76716613769531
pitch: 3.2949843406677246
name: Pisscast
lastowner: 9fc49692-9f55-498c-9adc-ebbce7258977
