world: 11db8906-7523-49f4-aa31-87c1ae666c6b
world-name: world
x: -13598.5
y: 71.0
z: -15204.5
yaw: -73.75210571289062
pitch: -18.750011444091797
name: POGMountain
lastowner: 9fc49692-9f55-498c-9adc-ebbce7258977
