world: 38a5f84f-260b-4d5f-b88f-9b65d3762129
world-name: events
x: 23.890590495360822
y: 98.0
z: -226.09584656073193
yaw: -89.4791259765625
pitch: 4.12002420425415
name: PrivateTheater
lastowner: cefa847f-1b4f-4e15-b9b6-59a7e4e6f5f4
