world: 11db8906-7523-49f4-aa31-87c1ae666c6b
world-name: world
x: 575.4419182133771
y: 63.9375
z: -381.5664603625828
yaw: -179.88714599609375
pitch: 6.2212347984313965
name: RaftTown
lastowner: 9fc49692-9f55-498c-9adc-ebbce7258977
