world: 11db8906-7523-49f4-aa31-87c1ae666c6b
world-name: world
x: 6811.483509587823
y: 64.0
z: -3358.477581507051
yaw: 0.351226806640625
pitch: 2.0989410877227783
name: RedBarrel
lastowner: b19e6891-fe84-40aa-8492-f1f821e523e9
