world: cdce7dd0-e147-4789-b3ee-0cad280eef6d
world-name: world
x: -933.7130141005904
y: 70.0
z: -2796.451841976772
yaw: -178.400390625
pitch: 8.249879837036133
name: Carrotthia
lastowner: 9fc49692-9f55-498c-9adc-ebbce7258977
