world: cdce7dd0-e147-4789-b3ee-0cad280eef6d
world-name: world
x: -13188.910977811222
y: 73.0
z: 2937.9856097753595
yaw: 124.27264404296875
pitch: 12.749983787536621
name: lantis
lastowner: 9fc49692-9f55-498c-9adc-ebbce7258977
