world: cdce7dd0-e147-4789-b3ee-0cad280eef6d
world-name: world
x: 734.0291395558924
y: 54.0
z: -128.16485166509793
yaw: 131.17529296875
pitch: 25.438457489013672
name: market
lastowner: 9fc49692-9f55-498c-9adc-ebbce7258977
