world: cdce7dd0-e147-4789-b3ee-0cad280eef6d
world-name: world
x: 469.0202998947495
y: 64.0
z: -776.4325162799852
yaw: 90.49853515625
pitch: 1.9778311252593994E-4
name: orion
lastowner: 9fc49692-9f55-498c-9adc-ebbce7258977
