world: a772969e-88fb-4f5f-bb7b-f29ac73b082e
world-name: SMPLive
x: -72.48459530503125
y: 68.0
z: -42.439951641265864
yaw: -60.29998779296875
pitch: 5.3997273445129395
name: SMPLive
lastowner: 9fc49692-9f55-498c-9adc-ebbce7258977
