world: cdce7dd0-e147-4789-b3ee-0cad280eef6d
world-name: world
x: 736.4895171216838
y: 73.0
z: -147.2183785823664
yaw: -179.7975616455078
pitch: -1.837416410446167
name: THE
lastowner: 9fc49692-9f55-498c-9adc-ebbce7258977
