world: cdce7dd0-e147-4789-b3ee-0cad280eef6d
world-name: world
x: -2122.348824623623
y: 97.0
z: 3376.3911529779793
yaw: -158.6387481689453
pitch: 7.949996471405029
name: Treetopia
lastowner: 9fc49692-9f55-498c-9adc-ebbce7258977
