world: 11db8906-7523-49f4-aa31-87c1ae666c6b
world-name: world
x: -4213.579542990921
y: 64.0
z: -3080.4164939659954
yaw: -89.4644775390625
pitch: -2.232093095779419
name: Betterville
lastowner: 9fc49692-9f55-498c-9adc-ebbce7258977
