world: 11db8906-7523-49f4-aa31-87c1ae666c6b
world-name: world
x: -4276.843423904403
y: 70.0
z: -3104.5234847870943
yaw: 99.835693359375
pitch: 4.21793794631958
name: Carson_Land
lastowner: b19e6891-fe84-40aa-8492-f1f821e523e9
