world: 11db8906-7523-49f4-aa31-87c1ae666c6b
world-name: world
x: 657.5077256881405
y: 104.0
z: -915.1382856659656
yaw: -178.53677368164062
pitch: 0.5997680425643921
name: CozyTown
lastowner: b19e6891-fe84-40aa-8492-f1f821e523e9
