world: 11db8906-7523-49f4-aa31-87c1ae666c6b
world-name: world
x: 324.4934025056685
y: 112.0
z: 17106.617930717897
yaw: 5.677875518798828
pitch: 2.6784937381744385
name: Crayola
lastowner: 9fc49692-9f55-498c-9adc-ebbce7258977
