world: 38a5f84f-260b-4d5f-b88f-9b65d3762129
world-name: events
x: 155.35850874991908
y: 89.0
z: -113.51499492495407
yaw: -138.647705078125
pitch: 19.957809448242188
name: event
lastowner: 9fc49692-9f55-498c-9adc-ebbce7258977
