world: 11db8906-7523-49f4-aa31-87c1ae666c6b
world-name: world
x: 1987.5578312854225
y: 80.0
z: -4333.717038650756
yaw: -179.99884033203125
pitch: -5.700369834899902
name: Farmville
lastowner: 14ffd8d6-693b-4935-818c-99ec6c5b6136
