world: 11db8906-7523-49f4-aa31-87c1ae666c6b
world-name: world
x: 1096.441396668488
y: 65.0
z: 1626.628694749329
yaw: 91.56534576416016
pitch: 6.211544990539551
name: Luigi_Shoals
lastowner: 14ffd8d6-693b-4935-818c-99ec6c5b6136
