world: 11db8906-7523-49f4-aa31-87c1ae666c6b
world-name: world
x: -1139.6859755986513
y: 67.0
z: 2018.534413944986
yaw: 90.3559799194336
pitch: 1.5001869201660156
name: Nyheima
lastowner: 9fc49692-9f55-498c-9adc-ebbce7258977
