world: 11db8906-7523-49f4-aa31-87c1ae666c6b
world-name: world
x: -11985.497083536045
y: 68.0
z: 12124.413999463695
yaw: -179.54055786132812
pitch: -0.7664839029312134
name: odditown
lastowner: b19e6891-fe84-40aa-8492-f1f821e523e9
