world: 11db8906-7523-49f4-aa31-87c1ae666c6b
world-name: world
x: -25.58010369119327
y: 78.0
z: -4646.3726442455245
yaw: 89.35054016113281
pitch: 1.3496925830841064
name: PrimeTown
lastowner: b19e6891-fe84-40aa-8492-f1f821e523e9
