world: 11db8906-7523-49f4-aa31-87c1ae666c6b
world-name: world
x: 2619.9913560327477
y: 63.0
z: -647.994450907315
yaw: -179.90431213378906
pitch: 0.5998905301094055
name: puddleton
lastowner: b19e6891-fe84-40aa-8492-f1f821e523e9
