world: 11db8906-7523-49f4-aa31-87c1ae666c6b
world-name: world
x: 405.40402992119806
y: 149.0
z: -464.437570184147
yaw: -1.51904296875
pitch: 6.523095607757568
name: StaffRoom
lastowner: 9fc49692-9f55-498c-9adc-ebbce7258977
