world: cdce7dd0-e147-4789-b3ee-0cad280eef6d
world-name: world
x: 686.9782491581427
y: 64.0
z: -141.7320933856731
yaw: -3.527496337890625
pitch: 5.100028991699219
name: herobrine
lastowner: 9fc49692-9f55-498c-9adc-ebbce7258977
