world: cdce7dd0-e147-4789-b3ee-0cad280eef6d
world-name: world
x: 695.0606013180018
y: 71.0
z: -127.10082928770798
yaw: 1.2734946012496948
pitch: 0.44996070861816406
name: LiveTheater
lastowner: 9fc49692-9f55-498c-9adc-ebbce7258977
