world: cdce7dd0-e147-4789-b3ee-0cad280eef6d
world-name: world
x: 802.4886286060275
y: 72.0
z: -1758.5188970391735
yaw: -178.7941436767578
pitch: -6.899986743927002
name: Sunflower
lastowner: 9fc49692-9f55-498c-9adc-ebbce7258977
